0 0.2734375 0.68359375 0.06171875 0.35078125
0 0.215625 0.69609375 0.04921875 0.35390625
0 0.14921875 0.653125 0.046875 0.246875
0 0.33203125 0.5984375 0.02265625 0.11640625
0 0.03046875 0.6171875 0.03046875 0.17734375
0 0.32109375 0.58828125 0.0140625 0.1328125
0 0.99296875 0.5359375 0.0140625 0.07578125
0 0.00546875 0.62578125 0.0109375 0.1265625
0 0.18125 0.60234375 0.0171875 0.11796875
0 0.36015625 0.5703125 0.01640625 0.0671875
0 0.4 0.55859375 0.0203125 0.10546875
0 0.3828125 0.5546875 0.0171875 0.10546875
0 0.36640625 0.5609375 0.0171875 0.09609375