0 0.165625 0.77734375 0.0796875 0.40234375
0 0.4734375 0.6984375 0.05625 0.396875
0 0.540625 0.69140625 0.0390625 0.340625
0 0.9265625 0.78828125 0.06171875 0.41484375
0 0.94921875 0.69375 0.0765625 0.3125
0 0.50625 0.6625 0.040625 0.2875
0 0.42421875 0.56796875 0.02265625 0.1078125
0 0.4390625 0.5484375 0.0140625 0.0765625
0 0.365625 0.58671875 0.025 0.13046875
0 0.3375 0.58984375 0.02734375 0.12890625
0 0.375 0.54921875 0.01015625 0.06015625
0 0.325 0.54609375 0.00859375 0.04765625
0 0.3484375 0.5328125 0.00859375 0.03046875
0 0.36484375 0.52890625 0.0078125 0.0359375